611* 11111. xm. 1111111111τιοι111. 1520.

1111111161111111. 1 11111111111111111111111111111110 1 11111111111111111 1 111 1 M.

6 11. 1111111.ιᾶ 1611111111 1811. 16. 6111111111. 1
31, 61111186

m. 1111111111 61111111
11111111111111111 111 ,1111111 1111111111 111 61111111.

11 111 1111111111 111-11111111 1 1611111111 11 11111111 1111111111 Ι 111
8111111 ; 111 11111111 111. 1 11111111 6111111116 111 1611111111
1111111111111161111111 111 1 ε1111111111111111 1 1111111. Ι βω

1116111111111113111611111111611161111111111111111111111.«11311111
1111 111 111111 61111 111111 111 11111111111111111111111111.

111. ,1111111111 11 1111111111111111 ’1111 6111111 111 111111 11 1111111111

1111111111 1111 61111111 Α ,

61 10⁰ 1111111111 1111 111 11111111111111 111111 111111111ιί11 1111111 1111111111 91111111.
11111111 111 11111111 1111111111111111 {lu 1111111 1111111131 811111.
1111111111111111111111111 1 61111611111111111111 11111 6111111111111,1 1111111111

116111111111,1ι11 1 fflutdsutuutn 111 ε11111111· 1
8611. 1111 1611111111) 4⁰. 1111111111 1111111111111111111111611111111.
611111 111111111111111111111111111. 311 ,1111111 1111111111111161111.
61. 2 11111111 gnie 111111111111 1111 1111111111 1 1111.
61111161.71111.111.1 1111111111111111111 1 111111111111111111.

6111611111 ᾖ1111111111111111111 1111, 11 11111111 11111111) 111 8111111111. 1111
1111111111111111111111111161111111111111111 1161111111111 1111111111111 11 611111·
111, 111 11611111111111111111111111 .11. 1 3

8611. 1126111111ο 1111111111

1111111111 111 111111 1111 111 1111111 6111111 1111.
3113111111111111111111161111.611111111111111111111111111111111
6161111113111111111111111111111111111111111111111111111111111111111191111111.

δ’.
111111 11111 γ’ 11111 1111111111 11111111 1111111111, 111 111111111111111111111111 11111111 611
11ιί1111111 16. 3: 111 ιι. 1. 111
ι’ δ’
111. 1111111111 1111 1111111111111111111
6113· ·¹ 1111111 111111
23 1111111111) 1111111161)
=- 33 111111 11111111 ”
-11 11111 111111
1-- ‘23 1111111ιί11 ' 1111111111
11-18 1111111111 [tumtun
11 --11 1111111 1111111
15 - 3 111111 mit
15- 1 assumat} 1111111. 1111

 

