38* mnu. xx1. 1111111 (1.) 1519.

7

Ἑαϊίἱεῑ mg. 111· Aula 1111111 Ρ111111111111. 1519. 4⁰. 1. 1111111111. 5.
11161111111111 11 1111 31111111 11. 111 Febris 1111 1111111111]

8. 9. 11).
311111 Dialogi 1111111111. 1510. 1511. 4⁰. 1. 11111111111111. 1...3.

11.
FEBRIS, 1 numus 1 ULRIOI ΑΒ HUTTEN. 1 11111111 111111 111
An 1111011111111111111111111115.)1111111. 11111111. 1 11111111 ,11-
11111111,1Ρ11 Johannem 811ιὸ111111, 1 m. 1

1111111. 1111111141. 1111111111 111 1111111111. 1111 61111, 1111111111 pro-
ripio: Ι runs. Ι

12.
11111111, Η111. Opp. III. p. 1117...111. ’

11111111 1111111 1111111). 1111111 11111. 11111 11111111111111 111
1111111111 1 1111111111 11111111111111111, 1111 1 11111111

111111 1 1111111111 11111111. 1

4 1111. 11. l 111111 4⁰. 1111111111 1111111111 11111111 1111. Α

1111111111 111 111111 11111111111111 1 (11111111 111 1111111111 111111 mmm
Ξ11ώ11111111115119111111111 111111 1111 111 111111, 11111111). 111 1111111111 1111111
11 1111 1111111111 111111 11 1111111111 1111111111 111 Ι 51111111 11111-
11111111 11111 11 11111111 1111 1111111 11111111 111111 11111 ‚m 11111111
111 111111111111111111 1111 11111 11. 11111111 1 1111 1111111111, 11
1111 11111 11111 111111

§inlusus 1111 111 11111111, «1111111111, 11111 1111 1111111111 1111111111-
1111111 virid) 1 111111111111111111 1111111111, 1 11111· 11111 111 111111 111
11111111 11111111, 1

41111. obet 1 11111140. 1111111111 111 111111111111111111.
1111 1111111111 1111111111 111 111111 111 1111111111 11 Θί1111111, 1111 11111 bet
111111, 11111111 1111117. &cite 111111, 11111 1111 (5111111111.

0·
11 Μῶμε 1111 1111 1111111111, lewis 11111111111111111111111 111 111111,
1111111111 utria) 1 1111 &futat 11111111 1111111111, 1111111111) 1111 11111
Ι 1111111111111111 11111111. 1

81111. 11. l 11111180. 1111111111 11111111111111111111. ,

1111111 111 11111 1111111 11111 1111111111 1111111111 111111111111111-
1111 11 5111111111 1 11111111 tt. '

111 11111111 111111 111 ber 111111111111118. 11111111 1111 111111111611111111

 

