86 XXX. 1011111111111111111111111111. 1. 1111111111111111111111. 11. 11111. 1111.

wie 811).111111.11111111111111 111 11111111 θ11111111111111 1111111111 1111111,
1111111 111111111 111 1111 1111111111111111111111.Ι

11111111 1111111. 11111). 1111 1111 11 1111111111, 111 111111111111111111111111
111 11111111 1111111 111, 111 111111111111111111111Ι11111111111 1111111 1111111111 111-
111111, 1111111111 1111111111, 11111111 11111111 11111111) 1111111111 111 1111111 111, 1111
jd) 1111111111 111) 11 111111111111111 31111111 111 11111 1111111 11111111 Ι ,1111 1111). ι11111).
111 ,1111 1111111111 11111 111 1111111111111111111Ι111 1111111111, 11111111, 111111,
111111, 11111111 111 1111111 Ι11111111111111 11111111 111, 111 11111 1111111111 1111
111 1111 ΙΙ 111 1111111111 111111 1111111) 1111111111 111, §a 111 111) 111111111111111111
ι11111111, 1111) 111), 111) 11111 1111111111 111111111Ι 11111 1111 111111111111111111111111-11
11111, 5111111 11111 111) 11111 Ι 11111 11111111) 11111111 111 11111111 11111111 111111
11111111, Ι 111 111) 11 11111 1111111111 11111, 1111 1111111111 11111 1111111, Ι 1111111111
1111111111111111 111111, 111 11 1111111111111111111Ι 111111, 111 1111111111111111
1111111 111111111111 111111111111 Ι 111, 1111111111 11111111 111). 11111. 1111111 1111-
11111 111111 11111. Ι 1111 111) 1111111 jun 11111111111111111111111 111111111111111111 111115
11111111111111111) 111111, 11111 111 11111 111111111111111111111 111 11111 1111111111
1111111 11111 1111 1111111Ιί1 1111111111 111, 1111111,11111111111111111111111)
1111Ι11111111111111 111111 111111 111111 1111 11111111 111 111111111111 Ι 1111111 111111111-
111 1111111111111111111, 111 11111111 1111111111 11111111 111) 1111111 1111111111)
1111111 11’ 11111111 11111111 111111111111, 1111 111 111 111111 1111111111111111111 11111
1111111111, 1111 1111111 1111111 111) 11111111111111111111111111111 Ι 11111 111 111111
1111111111, 111 11111 1111 er, 11111111111111 Ι 111 111. 1111. 1111. 111 111111 111
11111 1111111111111111111Ι111111111 1111111 111) 1111111 111111111111111. 111111
1111111,Ι111111111111)1,111 111111 11ΙΙ11. 11111111 111111 1111 11111111) 111111, 111111ι
11 1111111) 11 111111 11111111111 1111111111 111111, 11Ι111111, 11 1111 1111111111-11
1111111111), ’111 111111111111) 1111111, 1111 1111111111, 111 111111 111111111111 111-
multum 1111111111111111111111111 1111111111 11111 11111111 111. Ι

yut 111111 1111 11111111111 11 &t 11111111111111111 11111111111111111)
1111111 11111111 , 111 11 1111111 1111111111111 1111111111 111Ι

mari 111) 111111111 1111111, 111111111111 1111111111 111) 111111111111111111111111111111
111 1111111 11111, 11 11111 11 111111 11111, Ι 1111111 111111 111 11111111 11111,111
, 11111 1111111 111111111111111111111 11111111, 1111111 1111111111111 11111111 111 111-
11111111 Ι 111111111111111111, 1111111111 11111 1111 1111111111111111 Ι 1111 11111111
111, 1111 1111111111 1111 111111 111111 111111111 11111111 1111,111111111)11)1111 11111
111111 11111, 111111111111111111 11111111111111111, 1111 11111111 1111111111111111
11 1111111 1111 1111111111 11111,Ι

wit zmi'd, 11111 111111, 111111111111111111 311111111Ι11111111111111 ’
11111111111111111 1111111 11111, ΙΙ

111111 111) 111 1111111111, 111 1111111111 11111111, 111 1111 111 Ι 111111, 111111
1111) 1111111 11111 11111 1111111111111111 1111 Ι 111111 111111, 111 11111111 1111111111- 11
111, 1113111111111111111 Ι 1111111 111111 1111 1111111 111 111111, 111111111111 ,11111-
1111 Ι 11111111, 111, 1111111111, 11111111111111111, 1111111 111111111111111111 1111
1111111 31111, 1111 1111111111 3111111111 1111111111, 111111111111 1111111 1111111111-

11111111111. 11111111. 11111111. 1111111111 -1 11111.

 

